35
6571482 jngqpgwciuucubfufhgrnq 10000110001000010000011000001001000 2,1
79894 hn 00100010110100110010100011010101110 2,0
72037848 df zhgqmy 11111000001110011011111110111111110 2,5
32275795 y auu yd ywwjmvzch 01101011010100000100100000011100001 2,3
74149843 jxmwvd 11001001000010000010001000000010101 5,4
8893451 ieeblyxtqrqvob 01000100111101001000110110101100111 9,4
2154890 g 01011111001000010001000100001010000 0,3
52731778 wwvgxf qu 00000010010011001100000000001100000 0,2
27787825 bpgneb bgupixgevsxeyctnfylkb 01010011111101111001110001101010110 2,2
53613522 aozn txhtaz  jurm obwjscx 11111111001011110111111011101111101 7,7
44843364 bqemagebxbbvchfibfj 00010101110110001001111111010011011 9,6
72424954 jtrkqcu djsgwlzchzoqpjh 11101110111111110111001110111111111 9,5
28512521 h xupeptpeogdvl 00000000100100011000101100101001000 6,8
6799428 ehbozaoxwsf kddwqq 11000001001001000011010100111000000 0,9
63560056 slmlkxa wpeyderytvfl 11011010110111010111101111110111001 3,5
48446926 pmkmck r 11110011100011001000000101010000110 8,9
14339116 ythycabfjijhjfbpcewbxbrkeg 10110110000100001111100110000101100 5,8
22996172 bsazx t gwhodrffrczxpkjr 00000010010101101101001010111101111 1,9
68719431 pdmsekjlehwblajfizwdolf gyetfw 01111111111111011010111001011011101 4,7
52820898 ka nepbr msfawluzx 00000000000100000101001100000110000 8,2
81283872 zujcekwdoirsxey 11101001100000110010100111000110111 8,9
36561097 pvapqys 01010110001110111100001011010100100 6,2
76535009 a fxgragmgdtgadibjzctn kukpgar 10110100010010001000110101010000010 4,6
54290727 catblwromhalpfmxzwd 11100111101111101000101111011000000 5,3
64222324 xtli lbygqlfgwtgkmivduzrrsvu 11111101111111111111110111010111111 4,1
62743809 sxtt 01110000011110110110101011110010111 6,4
6113175 bpaopi 11100011000001000110000110110111111 5,6
76222659 abvypz ct lcqcheccytbqqzmqmz 00000110100010001011100110010000110 0,9
33691067 obomhoncgwgbwtoxagwidwpr 00000000000000110001100100000000000 5,0
44017984 rpixafdtzrbbnz 01000010000010100010010011010000010 9,6
57019787 jxy 00010111100101101111110100000111000 0,9
32334575  vmsxwxzxopsiahmo 11100111101110110000111110111011110 0,9
79171955 usktzyblyr 01110110100111110110101111011111111 3,2
50421208 fnasykbnmefsdx 10100111010000000000000000000000100 2,3
81414176 irtx  apu wdf mmfsyftbsihu 10110000110110000010110000000000100 8,0
87898471 zyehqaaeqnwgmtoyko txtkrmmkaws 11000000001100000010000011110010000 8,6
5551333 unpcvzupvunaci 01101111010101100000111010000101001 9,8
41719367 muvirol erlzefrw 01100011101010110100000111011101000 4,6
69120295 gngevuvcafinuzpmgrshzo 10111111111111011101011001101111011 8,6
94889534 jjpvrnohdydbjzyzfqf 10111010111111101011111101111111011 7,8
97368555 jfubhlitysisejpsu tspy 11111111111111110010111111010010010 3,8
74969524 vlruopjegxmvqndzwjvmhwlptfj 11111111111110111111110111111101111 1,3
47740532 bzpbzwcihgvsffmqyrbiorcf 00000000100000100000100111000010101 7,1
67442835 hrcppldfaycumatnpiwrphdky 00010000010110000000100000100000000 1,3
69821985 tlxhcllwbjayphu 11101011111100110101111111111111110 7,6
99187245 nbvuumyewavcgmvguvxzp 00010010000000100000000000100001000 5,4
87498846 bmbkpmbdjxcgbe 00011010000000000010110100000011111 4,1
77619761 btzhgeiaj hqabhs 11010011011110111100110011011011011 5,2
98237526 mgvfdobbqxgmkjuhkyjrtto 00011011101101010011011101000001011 0,9
64861244 lx nttqr 11111111010111010010111111111111111 4,4
35919892 hgmhchnpcpgfjesoo 00101000100110000100101010110000111 3,0
13308747 apn  11011001111011001111111111110011110 8,5
15301279 aheunwz 00000000000010000000000000000000000 6,6
44058365 yi 11000000100000010010000001011000010 4,2
17770057 isqjmxmjwnnxmic 10000000001000000100000000000100000 1,3
70059725 zwyvzbwnnosxtjtwvratqostf 11100111111111111000011110111101011 2,3
58802799 jsdjtrw 00000110001000010000001000100000000 1,4
75886488 mzwqzjcdpvgldzippxuo 00000010111101110111111100010111110 9,9
46052355 yjncvswukhx 10010100010000000001000000010001011 0,7
50693676 iducm ij zsunjbc 10010000010001111110001011110110101 6,6
53836194 daoqckhc t 10111100101000110001100001110111000 8,7
63519065 auajyseiqfdclnfqbk 00100000011100001100000010001000000 7,3
18599515 galunn 10101011100101001101010011110110000 0,1
84717161 xxmhrnftemvgavhx 00111111111001110101011110110011111 8,2
78455071 qqzpoivtpnuwsp 11101010111100111111110111101111111 7,1
16480167 upgudnuw 00000000000000000101011010100001011 0,8
9634656 hwbqrgpghl kigj 00000001000100000100010000000001001 1,7
21302866 bmkljn awouvth 11000100000100011001011000010010000 5,7
47094779 rjbeb 00011000110000011011011011010001011 9,6
69734730 nsrzimvyu 11111011110111011011001110101110001 5,6
28200539 rzwt xzbbpcsadlt 10011011011101110111110111010111111 5,6
82564106  ixdphsbqrgnbzmofm 01011011111111111011111010011110011 9,5
85282795 pqhfmadenvdfnhplypxqco 10000010010000000000011100100010000 1,5
76905694 exbzoozjvloddfjzib 10110100000100100100101100011011001 7,5
34254188 kutbtuptughiwehzqzhp 01011111000111001100010011111011100 0,3
68675790 kvapcejhbtptojhesstfauyngq 01111010111111111111011111111100000 2,9
94514864 dy vsbuglhobyckx 01111001101101011111111111110111000 3,2
81397104 my 00010001000010000100101000000000000 3,0
33575780  sko 00101100010001111000000000001010010 5,2
86939091 nevxtnxnquzsgddxzzcimh 11110011111101111111111101101011101 1,5
80507222 gxrvxrwe 11110111011111111101110101011000101 0,7
3499982 dwl nomyucsh 01000001000001000011101001000010110 4,0
81849336 hxsfalm 00011000000011000100000011000101101 2,6
15595234 qntafedjfidf btrwdpwdoxcw 00000000000000000000110000101000011 0,3
41370372 faouygndclyqsyobchdjmymc 11101110101110101110111111111011101 6,9
99040516 ac 00110100110000000000100000010101000 6,0
56804910 wxl hcennnbuacgmjluyysdi 10111101110101111011110011000100000 6,3
28100688 zuwfkjzoozbtb 00111110111011100111111111101010001 3,7
5003408 kimeusgtbefunhwummoqiqkdqran 10101101110010111111011111100111010 1,8
67678153 yxrqhesvopqj 10011001111101000001110011001010001 8,7
29623597 n 00100000000010000100110000001010000 7,5
15776840  ecy 11010110010100110010011111001101100 4,7
71390223 uyejkvtcl oqgro 00000110011111010010011010001001111 4,1
81498354 iuzotepssykp 11101111111111111101110011111011111 4,8
22893471 hemhqg 00010000010111000001001100110001010 7,2
74538040 jdwinc 11101001001010000011000010111111001 6,3
62525220 nh xrabhysbhiokullid 10010111101110110101111111111011101 8,2
15328631 yvdn 01000011101011111011110110111100101 5,7
46096741 bfzgwovfkgzkolfxt kye ftkpkcc 10110010111101101111111111000110111 9,3
87346408  mooegwit iengkeoigkfazxrfdnmk 10000000100111001110110100101110111 0,6
20546643 lcqqjarkuwyevauhpkzxcc sg 11011110101111000011111011011111111 6,9
89341226 vumjafcc 11111101111101111110101111111111111 1,7
46457595 ujrdturlb motfrmcg pqdt 00000000001100101110000001000000001 5,9
72191760 jaqntxxwjvajlzpoprvth 11001010010110010111010100101010111 0,2
20999262 hxfouzmsowzyvotthgeszzzmytf 10000110000101101101111000101101010 9,3
45127508 uwkzoqbefxbnjfodxov bfxgnnxf 01000001111000000010001000000000011 6,7
4517807 vcxudjlcaqfoisqsjox 11111100001110100001011101101100001 1,0
95362269 jckpcnbaim 00010000000100101100100101111111010 5,9
42025289 awzecagkzdasy onolduzsa 00010000101000000100001000010100000 4,3
73199336 xstmdsy qlvfmfy eqglhti 10001010100000000001001010001000110 8,8
42182205 yhkuqvbmv 01111011111001111101111101110111111 0,8
25442552 lthlaa 11011111001111101111011111011010111 2,1
7127659 zckz 00100000001001111111001001111001000 5,8
55408057 yev 00100100110111001101011001101001001 7,0
18740071 ciginieea hefulseyqwitipwwh 01110111111011111011010101111010111 8,0
73265494 ovov ljinhbgyi 00010101100101010011010111111110101 3,7
15882928 ekybjeisqdwqippwqrg 01110100001101001010100000111101100 5,3
5892357 qrgdsl 00101101110111111011111111111111111 9,3
47540161 rqqpljlkcdb jifn qtyefkwaa 00101000010000100000000000000001100 2,6
90236312 twlmkpzztiwrfsewqbwyuwgctbl 11100111111111111001111011111101111 7,7
91687307 oayokekaq 10111011111111011011110010110110011 9,7
26486859 ztzkip hdentbx 01000001100000001000100010000010000 8,7
59253398 hqfxefjgpdrnnjkwy 10111101110111111110111011111111101 8,7
69548068 qlwles 11010111011111101000001010100111000 2,2
44784091 hqklfrgtgcry 00111100100001000000001010000000100 6,5
94223734 mcntzrj 11011111111101111111101001111111100 0,6
9501093 ptqvqhfmqyzadpxog lamouxsut 11101011110111110111101000000010000 1,5
22348433 dqlgljyxwceloalpzpjt nfm 01000110100100101111100110000111101 0,1
86865689 kuvnyiayot 00000000010000000100000010001101010 3,7
95809753 kelwlo udylh 11010011011111111110111101111011111 8,1
8890405 ywomen  01111101111101011011111111101111011 8,3
11440995 laeigiyp 01001010010111101101010010111011111 9,4
25790106 vydavnbabfjmscppkxjznabrfrik 10000011100000011011110001010001000 0,3
15823424 nj au 10110010111101000011101000111110100 7,3
25040022 sgmtavtsdp 01100101111001111111111010110001101 1,5
10903041 ucbtzmxeqbucnpzzdgqkv wevhnif 11011111110110111101001111111110111 8,0
68945070  bdiqytuqbbpqims zpymvqblgvy 11001011000010000001010010010101100 3,2
67039011 bxcuexabpirfpkzxyrvwfdgga 11011101111011000011111101101001010 7,8
75266097 afrummaqncjycnvjbcudfavcu 10100111011001111001110111101110101 4,7
67866805 lbyjzojycgzdnzglsceaikscxojus 11110111110101110111011101010111100 2,5
89970296 sueyi gkgeip 00000000100001100000100100010010100 9,1
90540359  kqstflncxssrbutkbuon 11001111001101111111111111111110111 2,6
72403082 ydcnq vmwulekbccautatnc pyllq 01001110110001001101100001100111011 8,4
74543993 fxrnike qosvfasjldci wltcr 01100100110110100101100010110001010 5,6
12555620 rbpopjzvndqirlwxejxitpsnfzn 01101011001001111101011110011011001 7,0
50369556 nzghjmwhovlwzcqzmorzr 11101111111100111010111011101111110 1,2
67616040 nbuioymcmxowx 11101011011111011111101111101111010 2,7
38282715 zhqmyehupdtft uw 01110010100111011001000111001100010 6,1
254914 rdzmgavx szvuy  zi 10001100100001001011000000101000000 8,2
14790578 ggdiinniz 11100011100101111111011011101111101 8,0
15994148 vmxmoczoid yox 10100001001111001010101110111011101 6,1
60749667 nohe svmtk rwbqlfncjxy 11111011111011110100101111000111111 6,1
94858040 rviz 11100100000110110001110000011101010 7,3
29026693 wqunsrjlfnttxegsvntryrbdiosv 11111110111110000011111111000110101 7,6
46010437 sccwxlhoypykjporxhac 01111111111111111110111111000101110 3,3
21387230 elhqejnevgiuozdvd sftfzrv 01010010000110100001000001010001000 7,3
14512669 olmz yuesima ebfph 00000011000010010001000010100000000 8,9
36397560 cwbpsenfwjavpcsgvyryornzobxcp 01010011000000100101001010001000010 8,6
53599864 jjoeuhoxidtgkcswzhlxcbybx 00000101010100000000000000000010000 10,0
22862925 c irxzznyan kz luleruo ysuxytm 11111111111101111111001011101111111 3,6
86455887 iglvtvfpvvlnfre trtsmqtmmejjch 00000000000000100000100000001000011 3,3
22423305 xjfxvjclrbsbh svjimsivrmsil v 01010001100011111001010100000100101 2,8
95935487 dshebnml oiu 01011101101100100111000000100001111 1,1
36047864 ml eubjh  10011010111111010011111111111111011 7,1
96511601 ucppaxfam 11010100010000111101110100010110110 7,7
93355598 irfanda 11100111111001110111111110001101101 0,4
91905656 higzmqybv 00010101010111110011100100001101001 6,4
760085 bxksolhwhfikcqvhdjzw 01101011111111001010011011011111110 7,0
46904359 eqtxmcxmndhoeaphiasjjqeyvidpki 01111100111111111111111010110111001 1,3
26773059 uesbrl 10010011110010000010000101010000101 0,9
33637778 azdqrw ycrgtvftixn fxiopjy 11111101110101111111101101110101111 7,1
58091455 xosueayqclxnwp 11111100111111111111100110001011111 0,2
30021699 wwzckaijclwwhbqf 10111111101101111111111111010011000 4,9
214690 olqvkoffhds cxbd 00000001000001101000001000010011000 8,5
39666212 iekgtsagl 11101111111011101111111111011011101 5,9
71702598 bxdsfualduhzisb 10100000001000000001000100000010000 0,2
99899918 squlpdg 01111010110011101000010101001110100 9,7
22874018 kdcxsfgxbbshkgkunsmdoiqqgw 00010011000000000011000010000000010 7,3
12830626 iieaufjlorzvszuus 00101000000000101110000010111111101 7,9
49816328 poyn kju 11011000100001000000110000100100000 5,6
73135803 rkgorqtkoqv cpedyrgkdiap 11111111111100111110111111111001101 9,6
34886224 chaam yuc aifafjrjw 10110011001111001111111111110011011 0,7
24156787 gldzmrgnrcaz 11000111001101100101100010000001011 2,0
70543942 r nswiv mdpwxxubfmyvxeihnhia 00100010100110000001000001010001001 0,5
44622302 wmtzxbm 10101011101101111111011111101011011 1,8
11953258 x rzfxzy capug 00111001000011000010000010000000001 6,9
19235273 jqzafgblk gevfvecaepw 10001100011010101001100010100000001 1,6
99114723 ws 10000001001010100000001100000100001 9,7
14983311 ahhtudzcwsr 01000100110100001100000000010110000 1,7
65169249 krzsf cerygmxudplzwveuvnqdm 11101101110010010110101111111111111 3,1
36419501 oklumigaclsbrhk 10010101001101010010001110000000100 5,6
84911937 oalvfko cs 10100000010100111110001010001100001 2,5
81134339  ga 10111100110100001111110111101010110 2,3
95069206 vspx agpoyzf am  pnyrxb 11011011111101101101001101010110001 4,2
67784639 esdfujyonmslqkkisizxb sxjhrzmw 10011110011100101011001110011001111 2,9
66624536 vriljmblzyk 00101111111111101011011111110011111 5,1
36191537 rrlrwmshothq 00010000000010000100000001001010010 2,9
16320075 sdgsl kt 10010000000100010000110000010100000 4,3
39706913 amtfxovyvzyy  ltfuskbm 01000000100001000010000001000000001 0,8
61002673  fhvoluwaccdiyg an 10101111100110101000010010101110010 4,7
2818067 wvpitoa 11101111011101111111110011110110011 8,0
72967768 ozemthoeqfsby 00000000010011001000000010110100000 1,0
12625826 cjxxoaopywttniwaqtoog 11001011001010110000011000010110010 8,8
15954745 ounumkoeumk czhaieppp 11111111111011000010100111111111101 0,2
61472260 pkjj hezudricjz oeexp 11101111001010011110100111000011011 8,9
12847143 fa bwcwoz 11010111111001011101110110111101011 0,0
95297411 yvctjvrna 00000000010101110000000011010000000 7,9
88278243 tinbeqpdx 10111100100011100000110111110010011 1,1
72385062  tarrnqersplkvo zc 01010000000000101000000000010010000 0,6
62796463 jorqyffyjlzdvrujvut 11010101111111000101101110111111111 3,0
65955747 iytbwcrkzkdschzzwxdtebnnjw 00011000000000101100000010001101001 3,6
40471271 vlkrybxo f 10001111111010100111101111101011011 8,7
70400333 cwdacrjckr 11001001111101110101011111111101110 5,0
53882008 qlufdq 00000010000110010011011001110100000 7,2
44887478 gsjqcvbmnmjlcmknl 11110111111100111101110101111101111 5,9
33899437 dalgtjf 00000011000010001000000111010000000 6,7
99738151 bwiobewetvkrqifhzukwqlnes 10010000001000010010010000101100000 0,4
10251580 hwrnlwkv ojayf aa 11101000001101110101100000001100000 6,0
23147576 qyjbarjoddxmxete 00001011000000000010000000001001001 0,2
35271668 mwun 01101000011101101111110110011110100 4,2
82829159 iobos 11011110101101110001110000100111101 4,8
89747125 yhbdmeawtqwl  01111010001110111111110110111101010 0,1
92180823 tafcwcoe  ptxcyorzmk 00000100000000110001000000010000001 1,8
90954309 bqntlrasymrsyfvflvqxi 11101111111011011101111011110101111 3,3
21450951 abibxjtjlatp kp 00101110001101110001010101111111001 3,7
26733218 kjivserdrpnejqkmtfylqihutn 00000100011101010001101000000110010 6,9
1714681 xdyi dyicww 10111101011110101100100111011111101 2,3
78427643 oxgiqkubk 11011110100111111101111000001101111 8,5
56648883  fstlueov 01101000010000100010000001000000000 8,8
34071233 ustmjqjuvyqw  lv jru liqmq 10110001000011101101101111101111011 5,0
34295949 qlrmudltm 10001110011010010000010000101010011 5,8
49641279 tflhlxfkihw 00000000101000100000000001000010000 6,7
14303918 mqrdqpkfg 11000111110111111001110111111010101 0,9
24639903 vg 10111011111110011001000111011111101 4,7
9392202 lwtvoehanattgwroxkppqkrn 00011010000001001000001100100000000 4,0
28229338 xtasyfofabflawpm 11011001110011010111110101010011001 5,1
5365765 ohfthfudijg 11111110001010111011100000010100010 0,0
96701987 bgjyxqortvbaeioghfsn 11101111101111011110111010100111011 0,4
49490922 uokiydvinkuejlx 01110101110111110111100001011101111 5,0
51852605 oyjzvnvf qpumrzrrbol 11111000100000000000001000000000001 6,8
77684709 oxwwznr shfknpxvpxhwz 00001000000000000100100110010000000 2,7
48530669 ryrxesazkd jaakmygcgzzojxiu 11111111100100101110111101011111110 4,6
26576153 nyfm valadwtembaajkccbjqbp 01000010000001000010011000000010001 4,6
11845311 fun yxnwoeggwfyx 00010010010000100100111010101101001 2,2
87409656 qcuqkfum 00110110101110100100100111110101011 0,7
14929540 mpvosxlflglelwxgzz 10000000011100000000011000010000000 9,5
23057335 wyggrtwejtpavzyxnvvoz 11011010111111111111010110010010110 4,9
70346987 ul 11000011000110001000000001000000100 4,6
45370481 mnvxhaslsc iqutoxe 11110100100111010000101001001100111 8,9
20832388 xdhhcpf dkyoqobvaf 00011010000000000001001010000000000 3,3
96289153 omajanilwoajeshhyvyfs 11111011111111111111101111101111111 9,8
97773854 lnb euczzgyc 11100101111100011000100010011011100 7,2
17191284 fytynje iwtskyrtlsjmocqvhjxbk 00111100101011111101101111011010000 7,6
24686905 spqjimkzpepimgqwoinuxvjn 00001001001011000000101010010011111 7,1
47607900  wbnz 00101010100100011001110010000000011 5,6
97447544 nz 10101100011111001111111101001111010 0,9
48593055 chpqpsgjzsylboqmdksjwlo 11111111101111111000011101111011110 7,5
91220788 misbizxhs txtigo paqjnvadngao 10001000100100011010101101000000000 1,3
71802657 lwhnyixrpj awzjkgtb 11111111110011110001011001110100111 1,9
9001902 ohrnvouviywj 00111111101101111111111000100111010 4,2
99550455 plzjl vgnpgdgmgtwdpomgda 11100100011101111010110111101101111 6,0
55685110 ngu 11110001110111010011011011011111111 0,1
36472030 gpixpwaulphiwvpvtlbsjdjoosjky 11011101001111010111111100111101110 4,7
7910066 xqsguiarzpxdku 11111111101001111111111011110111111 4,2
64480930 boxbbpuigieqc  00000000000001100000011000000010000 6,6
46159326 bizscfcxpetfhrqtwrmvx 01100000100000000000100001000000000 0,8
22529626 lbmunbutjgovaucl 10011001110011111111101101010101111 2,5
2153474 sheyhogiofmaqkv dtuxvqqaoq lmf 00101000001100010000000110001010000 0,0
84899579 f pxs dujopb fjlkecelepqpq 10001000000100001110100000100001001 1,9
3840575 g  ehpfoefftfglyloevmeiss 11001101111101100110101111011111111 3,6
15983568 myxwca lzwpccf 01101001111110011011010010110010001 3,0
94702787 mlbckcomallvucebenek 00010001000110011000100000110000000 5,7
7132690 sykisv 11100110101011011111101111100111011 4,7
11894487 tlegexnjwanav 00011000100101000000000010110101110 6,6
44770619 jxfeskwkbykojavrujudamw 11101111010011010111111011110111111 8,9
34793873 vmbxvsinjhpoegtchr 11111111000011111111011001111011010 8,8
29244082 piqdssddqywa 10100001001100101000100000000010100 9,3
90513058 kfxghhvxdtjonmr fyfecrtqo hnrp 01111111110111001101110011111111101 2,1
66265189 ozcogspehw rvnrnpvuz gm 11001000001010000101000010011000110 2,8
44795955 lptnobegrfyyb 00001000001010001000001101000000001 1,7
86249927 rshk kpti nkdk 01000100011010110000011001010101111 1,3
55136434 qtmou zwlaf 01110101001000000001001001010001001 9,2
59888784 uzgqbekkg 10110101001100111000101110010011001 7,3
19469629 qox 00000011010110100010110010011010010 6,6
51494773 pefxnnletyoeaargb 11111000111100011111111111111111111 6,5
83768501 xsgrcqprujy ejzhia h 10110100011000100111001111101011001 3,9
83921981 pztbtifoomq 01011011011111011111100111011101110 9,4
92448091 hsuhlepmipeldvwui djg auox 10011100111101001000011000010001111 1,4
24717731 dzcbzxobreehto 00010000000101000000001000000000010 0,7
41935488 v hnkmevhy 01110110010000000101000010111100001 7,8
96195610 ufxtckxnoobyckw 11000010001000111100111010111110111 9,1
65549478 mawq 11100001000000000001011001000000000 3,6
88454956 cwzjkrbrhujvicavfhtjpacbkmeuu 10111110111110111111100011111110101 8,5
10675625  yfdm 00000101001000001010010010001000100 2,4
42712148 drtssynzpyuxyzqoxxihuf 11000110111111010111111111111011111 2,0
26761841 abm 00000110101000000000100101010000010 2,2
43471258 qxwsfuaucxuaj 01110111110111111010111011111111101 1,6
18300298 naiveukbdvti bidpmvjorbetwnfet 01000000000101010100100000100100000 5,5
88078030 zckvitylu pqpgrgbaikpd cu 01010101111111111111101111011011101 5,5
88428210 rmtypnzhkozz ltwgx 00101011011110111111110111011001011 0,9
74162171 wcezjgoyfx cmas  sy 01101101111011101111111001011111010 8,6
61559314 xftrsdpdlusb 11111011001111111101111110001111100 9,6
42430716 veeya 11111011101011001110001000111111011 2,6
59820618 tleinyhguabharox 01010100000011001000100000110100001 2,4
51830414 ulorxbflpym cv 00001110000111100000100110100000000 4,7
20585065 i htncrciyngvjfmftacwgvtreiyqd 00000010011110000111110000000010010 7,5
47639138 zzahmdo 11110010100111111111111111011111111 8,5
9093758 ytc ikitqh rcz 11111101111111111111101101011101101 8,4
53779792 d vyuxpildqsrwib 00100000110011000010000000000010000 6,9
24840120  wdpjv qaedqvgcxae 01101111010100100111110000011110000 3,8
88102587 tskwxriemelhfdxkprjdxjaskptzqv 11000100100000011000000100100010010 8,3
26271113 ensybxixlinjapqiiwpkqawa 10011010000111111010100010000010010 2,7
18353125 gcjv 00001000000100001010000000000000000 1,1
66541812 slmeowrhazyyuvqypuopan 11001001110010011000010010010110000 2,7
59966485 tssxx 01110111101111111101110111110110111 4,7
61173684 vu 01100101000001010000101001010000111 2,9
92143509 eyhqxnpnjhmtp gkrwbrpd exohp 10110111001111111011111001111111111 0,5
62610763 ktqhqql 00001101001001110100111100100001000 6,9
62575544 hl 00010000010000000100100100111000101 0,7
17878209 p ybfybvtwfyvgqqi 11110111100010010110101110101001011 2,1
3163810 khukpanlqhrsbbmshtst 00000001100111111110101000010100011 0,1
62326161 gxf 01111111101010011010110111111111111 0,8
21486877 ygbmll zpkmxrmigbwhceuugvnku 01110110101111011101011110111101011 3,6
74080900 exbitvieqqmmyblukil 01110000000000000101010100110000000 2,2
1538877 gkmkrcpf ebrznkpadwsx 00011100000010000110000100010010001 5,4
71919847 viyrwmt 00000101100000000000000001010000000 3,5
37787257 satmxh  01110111110110010011100100100110111 6,7
63049780 yjaolixpoaiwslkcwy 00111100011111011110111110101101111 0,1
13169485 ssbigkyuwyqeray 10110000010000000100000000000101011 8,8
50999123 kxlrhqmwmzrfgvxxk oduk 01000010010000000000000001100010000 5,1
59483074 feyi i 00011110011001111101000001001010010 9,5
30981520 im 11111011111111111010110011111111111 8,7
85856011 cozvemzuscvvjclrrqqdnwqz 01111110111110100100011111110011111 2,5
21990179 bhxldrognat 11000101110000001000110001010011000 0,0
5356215 zuwipalvpjmtikihlduhamlgivwv 01000111010101101000111100110001110 6,0
9393028 kgyi 10110011101000111111100111011111001 9,3
28221299 svlezeurqrfksabn 01000110000110000000010000000100110 6,5
46436927 dvpelrpudkgojbeocptvanqnoheok 10111010111101000101111001001111101 6,1
60458655 wv pav 00101001000011010011000000101111111 8,6
21920546 lwtzoelmeqnksdmtlj 01010111010110000100011000000100111 5,4
52229901 lnbxsdtpdhgpscevybaegrkp 10100110010101100100100101001011101 9,4
87288423 h 00110110001010000000101000000101000 4,9
49535207 ete 10101001010000100011001011101010010 4,0
7687400 jvxxmtmpurhspvaveymozbscqfh 00110000010110000101000000110001001 9,8
17053662 uvc xmmvaitjndufmvqnl 01111000011000111000010011111010101 5,8
97660367 otur dfspdahutccis 00101000100000010000001000000000000 6,5
66272954 opdxvlztzzkgrqrktv mqyyhd 01101001010000010000010010001111110 1,4
88298031 mhsvwoftkxwwtzk apkpcchutbmca 01000100000000101000000100000110000 0,8
93531550 woqyrbxslwike 11010011001011001110000011101111101 7,4
33973933 wmx lbmqszpxamhefzijzwrmkspugv 11001100010110000001100010010001010 0,3
72293457 rvvcdkdzdkcuojfjcb 01000110000001000101100100010000000 8,6
39554259 vruwgmsqvgzhi dmuooj 00010101000100100100100010010000000 1,0
28614831 somsvcyykkqxswfhbsighm 10010101101100010010001111111001010 9,4
92928824 sdgaotbktaghxds 01110111110001111111111011011110111 8,2
72548045 ti duxnimancbqyckeimxh 00100010100011111101100110101011001 8,9
9945475 mmg c zqbkjfnpzoartvwzbwrljaib 00100010000110000000011000000101000 1,4
69180285 xnmpavlqqihu klhit ubprx 01110000010010101111010111000001101 9,0
62571635 wncrmmcacvoimljlbktujrm 01111101101110111111011111010010110 0,1
21325973 f qaygyx ezpmmoeaxe 11111011111100101110111010111101101 6,6
91529981 wvjizqah zoqwpjxbpm 01011011111010111111110100011100010 5,9
62209768 mjhbbwkrxorfrusjcsa 00101000000000010100101110000000001 8,7
84202302 lt mehjrrrcqvcljjj z ydboswmv 11101011111111110011000110110101110 6,1
28944589 caei 10100111001000001000000000000110000 9,3
20569185 vbzwaoqfgkl 01101101100101000001010010110010110 7,9
45901182 abtkfqfrrfslefdzjzysarajzftf 00011110011011011111011101111100101 2,2
27836312 kevabhadpuuua 01010000000000011001000011111010010 1,2
95310532 aupqkfgp 01011110101111110011111111111111110 1,6
87053040 bpqtpacjx 11001111011010111011111011001111111 1,9
91266931 yupadxpvuwgumg 11011100111110100101111111110100011 10,0
43076741 mdxiadhoxuvexuyydk 00110000011000000000011110010000000 6,3
21278186 xi v 10001110100010110001110110010101001 4,4
20845826 egctslvhxmvfmbpkgccizjtewkfanr 11111111111100111111011110101110110 5,5
86425974  wrvixcprfoofkvilllgcktdqbf 00110000011111000000101100000101110 7,2
30476441 exnvkmymqaxset 11001111111111111111111100011111100 8,6
45994909 kbnkvcsolttwpihiojgbcu 00001001010000000100000000101100100 0,9
14313264 lumurovucwqkhaqayzsmil 01101111001111111110111001001100111 3,3
932268 xvvulc 00001010011010000111000001110011101 6,8
52592809 mvkrltwylegiipkphiquecipap 01000000000011100010000010001000001 9,0
69489302 dapvcpfqm 01110111111111111111011101011111010 3,2
84109531 rsilfglpwnfjzlpwve dpdcnojeo 00001000000000000000001101100000001 4,2
49990754 e 10000010000010000100001001000010010 5,6
22056664 eggcarzqswdeirtpzwtotcy 00000100010011010000000110010101000 8,4
35473837 wwkuqfgpdpswu gogbqbej 00000000111000001010100000000010110 7,3
93257573 enfkiwvkqjabtlmyydtql 11111111110110011111111000011111111 2,3
5116350 tms 11111111110101110111011011110101011 2,4
52787599 jivwzdxqetpsnkv lvvpohq 00110100000011000001000010110011101 5,1
46490170  mrltkufyz 01110111111100011101101111011110111 9,4
9360758 rvltbtezm exeji 01101110011100010111101000001011010 3,7
74085445 wuyharwgmeneo 01000001100000110010000110100000100 3,6
11608416 nv 10010100000000001100100010000000000 5,9
30356101 qq zj vclxkceg m dr 01101101111111101111011001110000111 1,1
37372428 wopgswrkkpmrjlhwouhsflca ojns 00010111000000010000110000000100011 8,5
2408234 icnlgtnvvjmqc vwq  00010001000010001010100011000000000 8,9
22302299 emgvmyb apupljcjcsgrctdbydyw 00010001111111101011011110100101110 9,0
49321989 g am zhl 11111011110111001110001111110101110 5,3
90007098 lbsrgildadozasitkgibtuezo 10111010000011010100010101000000000 0,7
49977659 cuqzlewvwgueommbmvikycxk 01110111101111011011111001100100111 5,3
65270145 w tqtyewxcdvxl 11010110111000001101011000100111011 4,0
98459183 eybnmlibtoq 00011011101000000000000001000100000 4,0
22068019 kvwonjvgq 11110111011111110011111111111011111 8,1
12629330 hzryro 11111011111011111111101000101111100 8,5
69890180 tenv z frqiaycyahrsbyz od 10011001011111001111011110111111111 9,5
5487774 adnsooeuxbxylqfr uuyg  dfli 01111111110110111111111111110111011 9,3
9270779 wuu 00110001000000100010000000000000000 3,3
69823978 rc kxcyuwvdnwy 11111101111111111110011110010110111 10,0
70415068 ep rzufhzqsgzorfewwmohhj 11101110011011101110111110101111011 7,3
86289995 xeezwqtaqtlp 10011010100010101101000011110110101 9,8
60568304 jqjqwuvvrftzu f 11011001111111110011111001011111111 6,0
75531405 lijiwbhvswcywtzfadhwsi 10110100000111000000111001111000000 1,3
86893879 ppqwyyucqydjpelev 10110010011100011000110100101010010 8,9
37608798 m hgcbe 11110011111111111111011110011011100 8,2
40017744 mevwign uqyv hzescfyyihn oa 00000001101101100000110000011010000 8,0
27905377 zmztvc yqcemxmodhxrok 11001000000000000010000000000000010 8,7
46172163 jm ogboccatwrwmtmkc zpllm 01110111101010111111111101111001011 9,1
72635163 ibeixjwxsvylu 10111111011011111011011011110011011 6,6
60609106 ndpst 01000000001000000000010001001000011 6,0
20416803   ivtlzrxzartxuxjdn 00001011010000111011001101111010010 2,5
16227304 pvnarduicnytsqyzb ok wvne 01100001100101110001000100101011100 9,6
79862961 uxerqugmloatumbdmjmw 10111110010111111111111111101110011 1,9
57052454 ifbae 11100111010011111001000110111111111 5,9
87988182 pp 11111101111010101010110111101111110 1,7
6115110 rxtouguyixcxgznfdytrdvdmsad 11111110111010111111011111111111011 4,2
96023594 vkkmqmft 10110111110111111011011001101111111 1,9
77724574 b 01111101111111011111110011111111111 0,1
58607116 kzuwpj yiyssfmh jzl 11001101010110110010011110001111110 3,0
21715086 emwsjvorjtnzvrrdp 01011010001111011101111110111111111 7,1
84939436 ywsdzlncaopa 01011000101001011001100001111100101 8,1
85290667 tyrkmomhiwjzqtiyndihcishu vr 00011000100000000100000100111100010 9,2
4625081 sveuutvyzspstzhlvdlkouqjyxnj 01011011011101011111101101100110111 6,5
10174950 ddff ukev kgt aojli 01011010111010010011001011001101101 6,1
12363676 ecwzlcn zf 00011001011110110101100000100111010 2,6
12084613 sjpz 10011000000000010011010000101110100 3,1
63523571 qkmhhndenzjpluhzeqvgsll 00000100000100000010000001100010001 7,9
89442187 fpx 11110111011111111101100101100010111 7,3
72639412 gffgzp er 10011111001100111110111110010111101 2,7
70012812 idhemnos eshipkrsinygcknzocsfc 00000001001001000101000100000101000 4,7
39159609 lwkqrw  00000000100001010010010100010000000 7,1
43313119 g azolcnnelxbgyebkrcm 10100010001100000100001100001100110 9,2
61368050 rgvcdgcb 10101110010100110100011001000111001 3,1
21283992 lwxqfqluxppjminahaxjjenqv 10001110011011101010001001000011011 2,7
58013851 lqjcxlgrgtyjhvtwnlt gvhuy 11110100100110111011101111101111111 6,8
74147890 guonqcfjequajqknvixj 01011101001001010111100010110100101 9,3
1545860 zmntcjfhxglpniickkuxvirgbwz 01001110011011101111101101111101011 5,9
8756701 bzyfzkjzkfwsbdttebbbawyfvxo 01110111111011101110011100010000010 3,8
67229088 prymsduzwfjwvjma zuu 11100111111111111110010100011010111 1,2
47232505 zehuiyquhwolqwakmresfhgdtbq 11110111111011101111110101111110111 1,2
1659884 tgoztesrlwdfaxpyjj 11000100101010111011110111011111000 8,7
19229848 wlxapllgx 11111001111011111101111111011011111 0,6
42712251 intrgtjvdtdaidiopqsaihiing 00000011010000100000010000001100100 3,6
22202214 x upysaz 11000011101100111000111000101010111 1,4
37041586 bqpkeweuvwp elj 10011111100101100100000011100100011 10,0
62753934 vmklztdvta 01111111111111111110111011111011111 8,3
16166934 lwgtvwexcythejnlvhvowbiu 11110111101100111111011111011110101 2,0
83833449 ihelwz 00000010000100001000000100110000000 8,9
22379152 jxfnyibxxmfg 10111000011101111111011011001110111 4,3
27925647 jwcyjbrf uksyvmjbhhfe v 00100000101011101111110001010110001 6,1
72094712 sndmjnwkl lbpqjdmyodfyoyk 10010001000010000000010100000011001 5,5
1767647 fpuhkqjulbimd pruukm 00000010000000000011001000100000010 6,8
51467241 vmydtlhzokogo 10001000001000000101000001000010001 8,1
13687809 fdzamlcbghao tnm 11110101101101101111111101101100100 7,6
87727394 gyzhv 10001101111011010111011011111111111 7,4
43439705 mtohy sh 11111111000001011010110101111010111 2,3
28359628 xswqeedewije d bqyaqgrnkg 00100100000010000110101111000000101 2,8
15202620 qguhdcjyiprsjagmakzq 01100000110000100011110001001100001 4,7
5109637 thbtbtppmuzdopahqpawstblhogtb 00000000011000000000000000000000110 8,3
38763725 evyezxhfxrcafjlnsrbdtyryfnxqb 01010101100111111101110001101011111 5,3
65952454 nmsodyjjebr 00000000000000000001000111000010000 8,1
47531181 skqhqsaidchqgiky 00100101000000000000010000110000000 7,4
60218116 kdr fqszoazrfpmngd uimtplf 01101011100101111110111101100001110 0,5
59402276 zecjnsjuooqvvxvrxdzeqghsrtq 01100010101011100010101111101001110 7,4
93819428 dsqhgz fr 00111111011011100000111001001100100 0,8
85197594 rbdbkonalqg 00100101110011100001101010000000101 2,9
2641039 rauiq uykth  00100001000101111010011110110000010 8,9
98656342 mz 01011011101111011000011001011010010 5,9
2998709 chtpxaqawfv 11010001111100001111101011001000000 2,7
68110822 nrrqhilpipsnl 11110100101000110000111111000111000 3,8
83746629 tocsgqcvkemkydbzvx 00000011000001101000011000000000011 6,3
45523605 tnhgekyyukxfgukpbn znvt 00010100000000000000100000000000010 1,8
44753155 dhzbjtxzgrpzhkqwvfpuxs 00001000101000110000000000000000001 5,6
92573456 ykvxnidr 11101001011110011101110110000011101 3,5
97257904 aubawykcn 11100110110101011111000000000001111 8,7
47924284 xmymzjjxj 11010001011011011110101001111100000 6,9
89528065  vlwopjgswout tsitepmneykiq 11110110110001111011111111011111011 3,7
60914302 bfmydhxlvkwpfoneinhkx 10101000101000000100010011010100001 3,3
90540008 zh y pfoboxz 11111001111111110111100110111000111 5,2
50650944 oqqggjahqlukcv 01011010111001001000011101000111101 8,2
86982404 hcfcsptlhwtqvhgtinhn 11101101101111111101111100110110101 2,1
74215341 bwvpioucwsx w ujjueqghzpgymct 11111101101101010011111111111101111 9,2
44987968 aepinwrkkhfthqwozobuigizjpalzi 01100110010001101111111010000011010 9,8
22264571 ojcquhmparn 10101011111111111111111010111110111 2,1
48775590 vp ucevfqnzgcrn 10110001101110100010110011110011000 4,1
24794292 jzjiewoqdyauzevqjhkixvvdyzdy 11101011011001101110111111101101111 3,3
2290940 kjedxuvzcgpuoqitlhriero 11110111011111110111111011101101010 1,7
83288725 vdjw v 01010000000001000000000000010001000 3,2
10457846  njrzoodokaqytee 00000000000100000001000010000001000 4,2
40804090 xdajdvkbskgmny tpyotddaerxfmfo 11100110110010010000011001101010111 7,3
28084189 fj 11111111101111111111010011111111111 2,9
10053841 lziuixexbrmbtoz 01111110101111111111111010110101101 9,4
47833849 wpqpvkqpqerpaqhtefmvwu czva 00001010110010000111001000101010111 6,1
2181194 ihqyzzeehaxyrvprolqzwzzmicqdz 01000001011001101100010100111110101 9,3
86302985 aejn tgohprxowga ckwdi  10100101111100101000110010000010111 0,9
18394950 qfjzppdcrxvqduv ygvgwoep 10000101000101110000001110011010010 5,9
43394211 wkit osfqabkdwdtxhpezeqwk 11010100000100000110000000100000010 2,7
37898584 cjpoebeqefeckankmbzqviui 00100100000010000000100000000000000 1,0
36629606 ktxiaslmhseszvbhczveordvmni 01011001100110110000000101001000110 6,4
23846694 eavxnwtwkjfwscqdnbiio 11100001100011000101001010000000010 9,8
29902706 rzashffqcoiihmwdfmmpksyxyehek 11111110111110110011101101111011011 0,7
20550496 jxxzublibalcbdnzzjthmsqvrpmal 01101101111101101110110001111111010 8,5
53911492 jcustfrcup sgeb 01110011011100111010001111111001000 7,5
63345172 yosedhhhu 11000101101110111000100100111110111 8,6
15736477 dcyrnssipnw 11111101111011110111111111011111110 9,3
82579888 dncgldwrikyjmwsjgxioqugvmkioz 10011010100100010101001001100011110 2,1
69756421 mufpawhoejwyssxkif 01110000010011110000110000101010011 1,8
86917653 ywqzvpxpswpsiy ropfgoce 00100111100011011111101100001111010 2,8
5771337 xkkqizfu 00011011000010001011000011100110100 2,4
76644851 wix qmeha 00010011000010100000100000100010010 3,8
89781978 edueqxqqxpf dsoqachvzfprvavis 00001000101011100000000000000100101 0,2
90460168 uvp 00101011111111111111011111111110111 2,0
33292047 yyrbilya 00010010000101100001001000111000010 0,1
60889672 ow 00001000101000000100001000111010110 5,0
9365242 abevolpirfficxidpgyqj 01101100100001100001000100100000100 3,5
38847932 notcl 10010101111110110100111110011101010 3,4
90064136 ssgmlmfhdlatmcs 00001000111000011010000000101010001 6,3
89600543 wthwuuqbyaodxndotogs pjqsxt 10110110111111101110010011011111110 1,1
4600387 wgp 00111111111011101111110101110011111 4,0
59498784 qhja 10001000110001000001011000101000001 9,8
93999216 igjzk 10000011101101100100111110111001000 7,7
87272825 aliujwqufafnfcdaft 00000000010001011100100111100011010 5,3
81789028 ci 10011011111010001001001110101100000 5,1
45687931 tpctwqbcvbklwx lqygqhc 00010000100110010101010001100011100 3,7
85260182 amchlooaquhslkqqy 00001110000010101110001011110111111 0,8
63815157 jphkbmmkijtxksae 10100010111111110110000010101010010 6,8
57877684 cjthjkasvmkgoecyxhtz 01001011011010101100101100110000100 1,6
61394135 ymhenzhw 00110110101011000101010011010111000 5,9
12996870 kqmjhjlkeooc 00000010100110110000010000111000000 1,5
83892818 tuhtq 11100011001001101111101111111111101 2,5
815131 ejafwv agtzmx 11100011010000010000011000111101110 0,8
29218915 tdweouorjhy 01000100100000000001000001100010000 4,1
1501608 fthvoctqvahxbquwc dppipedpn 11111111101111010111110100110111111 2,9
65467724 fgetzacnmr utxeo 11011111110110101011111011011011111 2,4
45388129  nxe usfx e 00001001110000100001010000110101011 3,6
30598187 mafikht idyhdjhwiagnqgl 01001110010010011001011110101010001 5,3
63765628 rzxpf wmkvf 11101111111111111001101111100111111 9,8
35740945 ndftbytnstfcjxueiajvfjmre 10000011000100000101000000001001001 3,0
25767678 okcnqtsooklwlbk 11111111111011011001011111110011101 7,9
65859703 plpylxcz 00000000001111111101100010000001000 3,9
59189397 d 01000101000100100100111111101010001 3,3
53852991 asshrwbduw 01000001110000101101001010110100110 9,4
44861988 vttecvdrywew 11111001000011000000011000010010011 1,8
16489740 qwaiamknmphgbjfgwxcwjrrm 11011111111110001111111101110011011 5,1
86433570 eaeetlrmgkwsrqkufuhuvlesryzcrx 00001000010110010100110000010000000 6,6
2147632 wesbjmxoqxmqg 11101110111111011000100000000010100 8,7
60937568 n iimwneexrcy 11111111011100111000101111011000111 6,3
42368336 zrk najrqchfeklbkftxqmvlu 11111111101101111101111011001111110 0,8
28469848 sxbwwcanapihoeo 01111100111111011110100110110111101 9,8
13018560 booqyl bpfxzx 00000001010000010100101000000100011 3,7
15435858 tnqntk gpjvxxobjwmwyelxeoml 10000110001010001010010000000100000 7,7
30349114 z ufczl 01100001011010101110101100100101110 4,3
75077441 fxfbelyq e 11111010111111111111100000001111111 2,3
1795059 tlwpzswkqasahuhiy 00000101001001001000000100001100010 5,5
65089118 iphedisivkvymhgpr 10010010001000000001100001100000100 3,5
37278159 i xun 11111011101111110111111111100111111 2,0
75042798 jokdufthfhbsqui 10000011101001000000010100000000000 6,9
40619644 cqiumswckmdvwjjmj 11111000010100110111111111111011111 3,8
22619947 p 01111110110111111111111001101100111 1,5
36889308 ohz 00000000000000000000010000101000001 5,2
66801452 lfwrtjwaxambg 00100000000000001001001001000001000 4,6
32976504 ldgjtxemubrljl 10111111110111111011101111101111011 3,7
95844168 koaypnirsthdbvmzfnbvpnlkyspap 11111111101111110111100111111000111 9,0
22546837 sg uyklz 10110001001000100001001101001111001 8,4
51191579 hwxhvdugnske 01010111111111111011111100000110111 5,0
26013735 ludp aiwdennvljgbicve 10011100010000110001000000000001100 1,5
19281838 fers 01010001100000010000000011000000110 9,7
87334636 rczxfl zwydidy 00001110001000000000011001101000000 6,6
69706324 vrdwtu 01000100001111010111110110110110110 2,5
33280484 bvgxnoyjsshr yjs g 10000101111001101111111011110111101 4,8
3820535 nmb 00000001010001001000000000001000001 0,9
40055602 uaxatodaturtqurulvrdlqy 11110000010001000010111101110011010 2,4
85660952 robhoqrpxivmavib 11101111010101010101111111111111110 9,3
81707787 dlpxjq 00011000000000000000000001000001000 0,9
36015237 xkbigouxsjfev c 00010100000110100000001000001010110 0,7
21511021 dqcskygrfupwca 00001000101110000100100001000001001 7,5
81940338 ykfsoemsa mnfengotqmts cbvcgqk 11111010110111111101111010111111111 2,0
57065062 se ypphnoeddtcl 10101100111010011110110101011010101 2,6
10526640 urkzigpvvirvrgccuoga 11000000001111010101001011000100110 1,3
18955296 ovxeariegabfafz 10010101000111100110000110100010111 3,6
36453057 nqztykji ffsrsiwaybcdnogbjow 11011101110011111111111111111111101 7,1
81647436 iupfenvfdgrzqdhddilthxeem 10000000011101000000010000100100000 6,2
4899950 ahtazruwgmjokejwlbocovggfj 00101000000001100000000100000000010 3,2
23252739 m xwrhgsra 01111111101110111010010111010011010 4,3
60283551 pupyfthmsnzkzcrhle 11111011111111001111111111101111101 8,1
91969033 jhrdzdhfnpeujvbgkiqrl bppk ni 01110011001110001011011001100011110 4,4
71729758 ddwobgxuhllqpepycdelgosn 00101011001011000101011101111001011 7,1
10748284 yswkmkfnumjylujnhe 11001100000110110111010101001111101 8,6
95644269 vrvroiexveonxp 01001010110000000010010001000101010 7,6
9094580 mbplkblthgthggpwfgv 00100100010111001100011100010101000 3,6
14709835 voi 00000000000001000000000000101000001 4,3
87893354 hrjqcsfgmlod vfjszdmbl 10100000000000010000110000000111010 0,7
4459930 lsunhtfhzpdgbcztwjyivev 10001010000000000110001000001110000 4,5
98921134 ytqkfrs rdmbabkwbs 11010111110100111101111111111110101 4,0
77460108 rklkkuk nfvmahp 00011011100110001010100000011100101 2,4
71210486 elozfpoursetfyust okw 11111111011110111110101111001111111 8,5
5020053 tzppzfro mj 00001110000000001000011000000000010 4,0
23184935 yxrh cvg vztnp v 01000100100000011000000000100000100 4,2
26668491 b shrpavjlfs 01010011101001111000011001110000000 3,3
5681563 jfgljgzpnojvdwzzxnolszcveqy 00011000000100000110000000000000010 7,9
2891141 bjlitzyyqj 01000000110010010010010000001000010 1,7
20570351 he 11110001010001010100011001100001111 8,8
70345368 ipbmrcgnupagkrbx 01001001001100000001000000001010100 5,4
90623112 qwgrono  11111110111111100010111101111011111 0,1
42988883 h 00001100001100001000000100000001000 4,4
97637765 ql zknsyedmmvszgocongruvgzui 11110111111111111001110111111010010 5,5
13803166 kbpurwurecxfcqtzfqqa 11010111010101110110111010010101000 5,3
68909994 bkofgddtdjwhhkfhdwfcsjlibcxqzr 11111111111011101011110011101010111 6,0
57515563 ttwwqzurx dashckzfvlou 11011010100110011000111111111111011 5,5
50291110 n fsedlcilpqaij 11011110111100110111101110111011011 8,4
4734636 xuxw yknkovef 11110011111111111100111111010010110 9,2
41206735 lvf 11111111110110111111111111111101111 7,4
96953557 uvda 01000011011111101001010011111111111 8,9
59360429 jn 10001110111111110100001011111111110 0,8
9203409 ztzsmn uu  i 11111001101100000101001110001101100 6,4
56058446 wrbasfkvxp 01110010111111110110011111011111111 6,3
94563397 uyebhvyd b dzgnxoopvjtau 01101001101100000010011000110010111 3,3
96900290 vosqgze 11001111010000101111111000111110000 8,6
72709406 yrn 01111101101111110111101010011101101 5,1
34860589 devattidedvipu 00000000000100001000011010000001000 5,3
70726782 mqteaplsmlnhlggjnokddpdthz 00100100000000110000100001011100001 6,8
62507724 kqz vbqbmspgbo lg 01000011000100001001100000001000000 0,2
41580570 ymxw 11001011100111011111001110011011010 6,7
46221313 cesli 01111101111101110111101111110000100 9,7
92108108 sfwzylke gflehppoeq mshad 11010110101101010011111110111110000 0,5
50136211 frlpqnxujqhcyu zbkbacpcyzbo y 00001000000000100010000000100101000 3,3
57408089 tkx 10010111111000100011100100011100000 5,1
13295269 nwbnsxelfbd  00000010010000000000110000011000010 4,1
54185894 oqymxjswskjmhjjmk mqrfvmfmbej 00010000000001110000010100010001000 5,7
7235581 c hxn yj weplfkubrizzbeyynv 10110000000010000011110100010010000 6,8
81276283 vgs bmnarrjeliatvnfvmtoqqsi 00000111001011010001111101100010011 5,3
91455240 fqxlndlpgigspph 01110101110111111110011101110000110 0,1
15132874 ugw georysnmjna 01011110110100011110001000001000101 0,7
77991329 juusjcx 10001101000000000001001000001000000 0,3
95186941 rfekiwqp 01111010000111011110010100011001001 8,8
38174974 x 01010100101101111110110001111011111 0,5
25802359 qwuhlm 01111110011011111001111111011101011 6,9
58294707 tltzhmylxonufxnqowvoblpskhsg 10010100011100010111111001000010100 1,9
2321761 xfihzily 01101010100001111000110100110001011 7,7
15354687 x ncehmzyfja 01010100001101110000110110111111110 5,1
14592607 cimfl lkylygknsckdtdkhnakle 10010010000000000110001010000000001 5,0
61966610 eebkgfbpygdsvwjcchhkqmkfny 00111100011111111111011100111111110 5,0
21925561 unbvedrolhycqvaerdkymb 01000111011101110111110001010100110 5,1
49946174 macyeelyjkolauirjmasb 10110100001110001001110011101011010 1,0
14363522 didpsrt 00011110011011101011011110011111111 1,5
46699425 u 00000100001001000100001111101111010 6,0
40916991 mazbuddmjg 01011011111111110101111001011110101 2,6
34846474 ihgskggfv 11011101111111001011111101010111101 9,4
4703335 s 11100010011111111111101011111011111 2,7
98566042 knutvhvbnbdfsfngbuypyouewhpg 11111101100111010010110111111111110 1,5
84054289 dsyyxbhskujjpzyhqwet wbflbgb 01010011111111111011110111110101110 3,4
94975315 qoo whhsoclatyuzf 00000110110001000010110010000000000 0,9
24690966 fqrauolmz  11110011011011111111110111101010111 7,8
47385625 zrkxoumesg gyalvbjqcypd 00001000000000000110000010000101000 2,4
75829139 vzkdofoihvrqz jmzaq 11111110101011111100111111111110011 3,0
39330157 fxtxaxyyetitwcodkhud  10100001100101011011111110100110101 3,2
2670092 nh 00011010000000001000011110000000000 8,8
9777727 xmlwoocwmvidaekbdcmjpzhctyttkk 00000011000000100000011000001000100 0,4
82923788 ljedzypnbetxsyqbv 10010101011011000000100111110001100 8,5
8139527 grsgawat 11111001000001010010000110010111100 0,7
73298955 uynp sdaxdj 11010100011101101110111001110001110 7,9
74047661 jdrgucyivb y 10010111000000000011010110011111110 0,1
97098053 lman jvivgcqacgdfuosjybamzcj 10000000010100100010100001010010000 10,0
23258499 at nabeivriixlobxwg 10111101000111011011111101011111100 7,9
62284117 ujfikzlosqkuoyjkhjfs 10100011101001100000011001010010000 2,3
98145231 hulpmuvpqluerzbkaxdzaro 00001000000000100010101001101011100 9,4
54148587 z 00110101100101000000100000010000100 6,9
24201731 bk vvefbxrcs 00010000000101000001010000000100000 8,0
30691337 olawetlxrrlvloe ktpcnmmbkzyo 10110101111010111110010000011011110 3,9
66324976 yczahcnnjdt mccxnwjsyiaugxti 11011111111011101010001111001110110 9,1
31844088 ihpyhjyyedknqwcoqswq 01000000000000001010100011000101000 6,2
60045886 svzxs 00000100101000000010000000010100010 1,0
84464934 jtdfxxx bdumtsjcz 00101011100000000000000000000000100 3,3
7215553 ytxtleya hxxcivboeh bq wrlc 00100110000100011000001110000001001 4,2
47275113 jbrzxvapmlbjyhz psbscnnupq 01101101111011111100011101001111101 6,1
43143101 shxrv 11010001011011101000010000000010000 6,1
68383869 aepuvmwwnyvol 01100101001000001111011011111001011 3,3
43767785 ghu 01111111011101111010111001011011111 9,1
6486463 sbgqdocjzuxs 11111111111111111111111111001110111 6,7
60987016 mxqovqvr 00001101101001100101101001000111100 7,4
81057216 ejaklcjycocmkiuilhjzzebssffh 11101000111101110101101010111011111 7,8
78050739 ilnzkrljswqdovoutpg 00000010000001000101100100000010101 4,8
18618177 gckqizca 00000000000111000100001100000010000 1,2
95663832 lsxams 01110001111111011011111100101010110 2,9
25454251 ameoynctl 11000111001011100100111100010001001 6,6
2728296 aimnhqhfom 00000101010111110101011000101110001 8,6
7139682 grouejf 00000000001101000011000001001000111 5,7
8859363 wbjbd mdidndolxz xyhqvzxp 01101111101001110101111110101111100 9,7
14381047 sklnixqzlwdzngxr 00111010010001111101100101001010101 6,9
97149253 vsqwlk 11000100001100000011001100110000010 6,9
50430514 bsaxxplnuhupfuhebevomwkuzuqkhr 11111101001111011011001110100111100 7,8
20806869 j 10110111001111101101111110001100111 8,9
91547368 shhdhjbft 00001000000100010101100110000001111 5,0
47546165 gstgoiixicvbninvdcjmi 01111010110101111001001011111111111 5,0
26534933 zo 00000000000101000000000000000000000 0,0
35589857 bltghksmvvgtozn mlinhpmxiwfi 00111010001011010001011100100111100 2,7
48935962 kwfvdacojxyecpaqlj 00010010000000000000000000100111000 5,3
43624878 vimzr 01010011010111000000000101011000111 0,3
76935592 eysschw edmdql 11110000000110100111110000101000000 1,9
15997188 oewsznshvknjv fpxfneya 10101010101110101001001110101000110 6,3
50889117 mgzvjiei jrsmkkusowbxvlgtz 11110101111101011110011110000010110 4,1
45129182 wzyyzajewvjaa 01010001010000110001101000101000000 6,3
76558552 lilpbuvri  10010111101100000111111011111101011 2,7
59421680 adbgcchtbrfe 11111010111010011110110111011011110 7,1
69377124 bayrktfgwofo fmcysygdytpgo  10111111001111001111011011111010100 4,8
35919533 ikljqtqjpr npxitmreqvtttv 01100000000000000010000100110000010 1,3
30850339 q 10101001000111101111101011101110101 0,6
60374928 zhleqkpddoeqfnmj 10111111111111110111111111111011110 1,5
80320566 etoaorhirjkfkbyewvn 00111011111101111110110111000010110 5,3
7167170 rvreauumk 11011111110111110111011111100101111 7,3
12939451 qog cgoiqzqssip 01000111001100111110110011110101111 0,9
29230853 uokdecxikhhrk 11100111101111011111111111110101110 1,3
2357838 ukkdxtsgqt 11011100110000001000000101101100001 2,3
18158732 tjbqrwhhago 01000010001001000011011010001100100 4,4
3188298 sqabaisylnngabg 11111010000100010000110101010001010 7,6
88923350 qresayafypzocahdcbrkx 00101110001111011000000001111100001 5,5
27468735 qcjt 11101111101010111111101110010110011 9,0
96721499 qksd 10001010000000000011000000000010110 7,2
47876955 kncjygyaswnmuu 00010010110010000000100000000010110 5,1
34808349 ztokgdkygvcrnfithgtxanvzfqmqxw 11101111110011000001110111001100011 9,2
74386729 isr 11011100000101110000010100000011001 6,4
27477523 fwddvmk wplru lb 01101001110110110000010101000100100 5,2
76502252 o umepiuwhmlsoanvajkpfq yfjwr 00101111101101011101100100111100101 6,5
33359305 dhhsewyq 00000010001100000000001001001000111 0,9
14111221 wfijyetpnwey pnvlzixfscvhtt 10111110001110001111001111011100111 7,3
82649884 qpyguobgulljvngbvvzmrplipeadib 01111000110111111111111101111111111 3,0
11707108 upwzqlgyghpk xibbfiwk 00010010000001100000000110000011100 5,8
43132756 mknfqbogwvsmpdcwxzs 01101111110011011100101000001111100 1,9
41475794 e 10000010000101010000001000100010010 9,4
9975203 prfwoelk 11010110000010111111011111110111101 3,2
1021848 xngzpjevalovrumafiffiwzdxw 11011011111111110110111011101011011 3,8
80616344 wyiacnblnjnogjxtl 00000000100000100010010011010001000 4,5
94704491 rxqcqozljwirurbflaxelwyymblgw 11111010111101011111110110111011011 2,0
8927716 towgqhbxkspcdrfaawjq 01000000000000011001001000101000000 0,6
7607002 tobasfnwv 00000000001100000001000101100010100 5,7
12175931 icsoetxvknmfgxjnjymppxfbh 10000000000000010011100000001000011 5,8
75455449 eurivfwyvoghfbsvzxnhqhyzafa 01101001101000101000111001101101111 8,8
72575982 uxjivlsqstsusqiyt 00111100100010110110101001011001000 6,3
97935353 dvcxmnzagy  pcloy exb 00000100000001001100000001010001110 5,1
34522354 pyzbkw  hcwqqgckbdbljexabczv 10111010011011110000110110011011111 9,3
28182375  vvlvsb juos 10000011000001000010010000001101000 0,6
971972 or 11100001110100110111000110101010101 8,1
74916762 uvgpppiqohvhd hnox qb 11001111110010111001111011001100011 1,4
21932437 svkxxifndogfwhaoeyknjlhzjl 11111111101110111111011011101111111 3,1
61578943 rmhmfc eit o 11111111111111111111110110001110111 5,7
32372653 qh 10010111111111110011111111111101111 0,8
59826547 zhsxjfkkpfuobmlzk vv 10010000000100100010100000100000010 1,1
216972 vhkywuxizvfhzgotiwmkd w 11111111001101011001111101111001000 9,3
91316881 iopplqggdifjuahndas 11110000000100000000000110000100001 5,8
81080976 hf xpcrmq fzbxbbgqitwflhzezn 11011011011111101111001011011101111 1,3
67495580 fkxdbvpkdbkiusfhudbuuzme 11111111111110101110111111001011111 1,5
41465217 qgsacfaskkpxqrb mwiqemy 01111110111001110100110000011101000 3,2
2269876 lkj xrolyrdakbvdm dlivntib 00000101101110000100100011010011110 5,3
27550544 ooyemtbrdui 01111111011111111100001010110111011 1,9
40590951 kjuabxljmlsszevrbf ftbstlezb 00000000110000100001011000000000010 10,0
61707707 boittdbxcugtrpoloqizgtkgeg 11000011010001101001101000001010011 0,9
98444744 dualufnqdfroyf 10101111011011111111101111111110111 5,9
59540850 nxjqnqwu  00011111110000000100010010001011111 9,9
79917175 gbtjullyzvvjebgjqirvrhosw 01111001001111001011110000000011011 5,6
68994300 exyhuiibnsmjxwvvmqnzpngtuzpdqp 01110001110001000000010000001111110 0,5
79097341 hzu 10101000011000001111011101001110100 4,2
9749141 wssop 11001000000100101101011111110000010 0,7
75199521 rrthdgfagukmoiz 11001111011000010000000100001011000 3,9
40322873 jibjjdmnffjusbouoqrcgaeonasaq 10000101001011101010101101111110001 2,3
67842296 tc gnrm 10110000001000100001010001001000001 8,8
78166808 rkxieqwd 10101111101111111110111111110111111 4,4
22403274 hhqgvwhprvcgfjusptaziva nhbgx 01111001100011001011010110000101000 4,1
66421123 kut jakica mhq 00000100101000000100000000011100000 5,3
94128500 nwxextatuhionxihsumngdnadtkofu 11100010100001000111010110100110111 8,3
56769202  rnfoniiislqoerynueg 00000010010100000000100000101100001 9,5
8561120 uqbabqckwlgk 01111111111111111111111111111011001 9,3
59855317 xmdqzyq epkvjmaputvxlfzqct 11111111111111110111111101111001010 7,1
22914316 laxbudlbvpvlyiv wexitxmqhqm  00011010000000010000000010101101000 9,5
48050782 tiapnymeis 01011010010110010111111100101001100 5,4
28644101 ypeyampexmpelstv 11001010100100000110111110110000101 9,0
23999377 axjaqbphjxkggshmknloznajp 10000011110011000001111111100110111 7,6
82737875 abpuofkxlhms 00010000010010000000100000010010000 8,0
40762549 t h aprnkmvrnrwm 10111111100101110010001101010010111 3,3
8963757 pmusu 10100010000000010010101000100000001 1,1
28325178 a xc 11101111110111111111110111111010111 0,4
14307487 zirmzvhxegidrptxmprj hyh 00001001010000010001001000100101001 9,2
69605826 vsd jm 10010100100100111010001011001100101 0,3
44989372  igcmvnrwkgq yntgeiikgwfpdqxx 00100000000001000010000000000100000 8,9
93048125 uwoinewbxrmijuosx 10100100101001011110011110111100001 4,9
42599343 jzefycesobzitwzrvxxoy 01010101011000111010100100011101110 5,6
5161968 fhgmvgfvlqnfooimo 01101111111000010011011001110000101 8,6
32642280 yiryabnptdyqzanj 10011000000000001000000100000000100 9,5
14657498 qzrsnikph 00011000000010000010010000000100000 0,9
25980376 ikkizuhhbknuwqsw r 10111111111011101111110101110011111 0,6
93186577 lpdflx qocpbrezsnsyogdvhzglh 01011000000100000100100100110110100 8,3
88797033 rqmxcgdetjotwkwojtogmppk 10101100011110011000000111001000001 1,7
35333551 jdrgsnx g 11111111110011110001110110111111011 0,1
96708780 bfvlhklf 00101111100111111011101111111110111 2,2
17329904 uathnidtqokbaayewcdzsslehztrx 11001110011101011111010101111100111 9,9
52421637 isurkdac cgzixtuzsc 11001111101110110101101100111000110 8,2
32909256 vfehvrnqnllajnkvya re 10101011011111011111001110000100011 10,0
70655231 kfunbbppmgohntlrs ign owtrkt 11011000000100000010001010100000100 9,8
27392429 bzpylo lgnrqqevfgdqbcleewhh 00001001000000001000000001000111001 9,3
7360336 y 00000101001000000000000111000100010 2,8
62003889 lhktyhtnhovwlafohqapyovjs p 11111110011101010110100011110011111 6,9
98579670 ekaacdsvgisywvqnuvocxpp 11111111111110011111101011110111111 3,4
86766524 mkoloncbsrgjqwrreifewjua fyah 10000000000000000000001101000000000 0,3
77797068 wwgmrfhhjtrwkpszxpckkwuqhlcqmo 00011100011011110111111011000011100 4,9
94479637 yzeodbuayl 00100100000000101000001000101110000 3,6
1546058 px vurikqmntlzieob wlr 01010000010000101101110100110011001 4,4
9263820 zbgxr xoocxu rivuqsgiooplpixd 00010100100100100100110001100011010 8,5
39640622 zx  yxqugaurspyxnuclcpbeyt 00010000000001000000101011010000010 8,5
11254687 bacrplwmzs 10001010100100111101100000111011101 7,8
64067226  bdfaiuekckba 01001110000000111011111101100010100 6,7
3120874 rs ncybmh wyflnty 00001001000101100010010001000100001 3,8
38182299 uktgdxiepngudvgifqspc 11100011111001101010001111111111111 3,3
31232339 scjpr 01001010010011100001101010100101010 0,1
64077548 qhdrnqaqlw lsx 11100011110000110010101101101011110 5,0
5788341 uyfphpspekegtkdsrkblsccbkyxkuh 01100111100111110010001011101101100 4,3
6978967 zpghaiporzbaixbjimhqwpfs 10000000000110000000000000000001001 1,0
67597277 dizsktjrqb 01111100011011010111001110000100110 9,2
9350742 qorfnqehqyg 10101001100000101011101001111100001 3,8
55574333 chguxa 10101011111111111110111011111101101 9,8
99912336 exbjzcdsxvdzov 11111011111111110011111101111111110 7,3
69681342 wrv 00101101011011111111111111110101111 8,5
88531986 dhlrgkrmyadutmyptvscdlhw 01011100010100101000101010011111101 5,9
20625218 d 01000000100010001110101001000000000 0,8
54888426 whpcxnf 10111011111101111111000011111010011 9,3
21773244 x gxalcbjhdtynresmazdi nbszu 10110000000101000001111000010000001 6,3
5234593 icgcpmz jrozw 00001000001000001000001000101010000 0,8
44344479 mzxrwcmkkqgkkvzfxx p 11110110111111111000111000111010110 5,4
16930893 mjcpelxkbg bwalfft 11110110001111011111111111010101001 6,0
38543553 oxhstzusephmkh v 01110010111111010111100101111111111 8,7
61392787 kzxbowasrlbkefvhnbg 00100000010101001100000000100000110 6,9
18375421 x lzvwxrvrsahoirdjlanvuke 11110111110100011110111001110111111 7,9
60383576 ozxrms 00110111001010001110011100101100100 2,8
9884678 bzapqli 00000000101011000001101001000000000 1,2
68296684 ujffxrwwmgpnmurkpji 10010111110110110101101101111010111 0,6
85999726 fjvbzytzxld 10001011101101101111110101111001000 1,3
14945205 flzhadysznq mmkmwcqehi 00101001011010101011001010101001001 4,0
48480401 vzavllxfnysud btju yr 11111101111101011110010110111111000 4,9
34435006 wmuuabd 00110101011111011111111111110011011 10,0
72056825 luqrcncketozamwtgtiu 01111111111111111101011111011110110 7,0
97903213 stkzfn jrdxp  01001101110011000010010110001001000 5,1
34418849 pwuyfspbftabrbnsn 10000010101000000110111000000010000 2,9
16327333 jerebq 11101101010011110101101101111111111 9,7
89016297 oyhvnnkta 10111000000110110001100010110111101 0,8
5945715 rcfwwcybvwdo akqpl 11001111111101101111111111111111110 7,4
96737571  zfaknurqh fmsrencmhi 10111000000010011111011001000101001 9,4
64175904 xcf grnyhftjyehl 10010000110010101000100111010111001 7,6
7979090 s 10001110010000100000100000100100000 7,7
96501791 ekmfciyte 11100110000110101111001001011101000 5,9
42352442 myzenop 01110001010010110111011011100111111 5,5
79363580 evgnxvsvgcobhduhvzfqqs m 00101001010000001101100000001101000 3,6
91503531 thljaqjqynxauxavkfaorfeidtmvg 11101111110111011111101001111111111 2,7
22500917 wrqecagkacsqonaebd 10000100000001110111001011011100011 8,9
72036132 ojk spbeivsh 11011010100101111100110010010011011 9,7
14582050 kcbtq btsgrzkztevetpkzbtoald 11101111100111100100000110100010110 7,8
64163070 vheemoq lvhddiklxxbojnylsjc 11011111111101110011111101010001010 8,3
28153989 hzn 00000001001000000010000000100100000 6,8
31384632 ifjjmhsxyzvnvscklacajeiiqdwnqw 01111011111101111010110100111101011 0,5
40405733 icwfwhvhcuspjbwhihivfohhtvv 01010111000011000100000100111011101 9,7
30457322 gpnrpsiufrk ihbu 11111111111001111100100100101101101 1,3
81175899 gmchy 00001101000000101000000000000100000 2,1
75632473 pvr 00100000001000100000000000000010100 8,4
97317447  svxw mfpnwhmhrgtn tynje 11011111111110011110111111111111111 1,1
7075522 lmqqdkfjsqlaxue 01100001111000000000001110010000010 10,0
71546137  haulzn ytebaivhtiotso 11100111101001110011100101000000101 0,9
94599741 y axacjedjkyjw eoj 10100001011100010010100100001100010 6,5
91224637 rnabznlkmlcjeypifthmbjrvkgio 11111111011110111111001101111111011 7,3
77863335 amlmnlgtnpfegpxy 00000101000000010010000000001000011 7,4
32653227 krzeigxpqpxnslrypq 11101111011000110001100101101001111 5,7
79944024 ixmxnesbavmummqqo 10010111001110100010010000111110010 4,5
63269146  cs 00001000001000100010111011111010010 1,9
92572619 temrcfrg ymnfljdrp 10111110100000011101000110100111011 9,7
69969871 mnaukjfjjun dvczqaujlwrt z 01000010110010100010001100011001100 3,5
30289979 klysijiwvbeyisaizdumpemru 10101000101011110010010100010100110 4,7
99732369 dxokm 00010000101100010000000000000001001 7,6
78432355 rjmlygdybcvmuworlu 10111001010110010110111111111111100 6,7
17069775 cleuwzeidbbrllrqrlfqkft 01111110110101110100011000011100100 8,7
79526899 rtqgzopbeovmyzlyi 11011111111001111011111011111101111 7,2
86572773 eueebwlcs 10110000000000001000000100100000001 9,7
20932920 nwnmfgk sitqhpsp 11011011000111011100111000001011101 4,2
88122037 vmieaisbphtecfufp 01000000000101011000011000100001001 7,8
78771338 dcffrirstxtau ynkozondx v 11101011100011101100010110000101010 5,0
27852754 zcigfavf 10111111111101101011111111000111110 9,2
25519345 eusrvckhsyhu wdankgzrxezy g 00001101000000011000010001000110001 3,6
86004874 zswmkbvwh lmganlglkkkh 11100110111011011011101010101111011 7,4
85871661 a hbxcpedymft xbnjjlfrv ss c 00100000000011001100100010000010001 7,1
18150327 khcds 01111110011111010011011111111111111 0,2
49639881 vthrdpnuonggyjscvefntmmrz 00000100000000000010011011000001000 5,8
83754119 oktjwbrzavkzqnqpwvxppvxp 00011000001000000110000000111100101 0,7
4893901 gsydjxorfjxdsiqknpsh 10111101110100101111111110111111111 0,2
72668284 qjxvllslwds 11011010011110111111110111111101011 0,2
97688664 jktcxcrrolv k 01111101001000110001001011001101111 3,9
43679296 dyvuajutffvavzhsiecs 11011100100001010000000010111001000 9,8
20949198 yoydjgskxap 10010000000100110111001000000000000 1,1
49358529 cguqzm 01111111110110111110110010111101111 0,7
90170656 fhotkkaxzwydbbixndnieboth 00100000100010000000000111100001000 9,5
20671182 tzjqhgabrpmradefn njzdbdpgokle 11011011111111100111101111111111101 5,5
54123262 s u 00010000001010000010100100011100000 0,1
9266197 ucvusfrovdbjdakehbouamahbsf 00001100110100001110001000001100110 6,6
56070764 ihxhwaijxivyfybwarb izedplp 11010101101101000000010010110010100 9,2
9801613 qylxydn  11111011011111111101100100111101111 9,1
31583332 hjepzbxtsdjyij 00000011101011100010001101101011101 2,2
60288733 vbts dyms 10010100000110101010000010000000000 5,0
53827514 gougku eyplrtheoxjiubduu 10000010000000001000000011011110000 5,0
68360502 cqvrvp hysaphmjuslperduh 11111110111110001110111100111011111 7,5
21500051 uscwvsul 10011100000100000000000000001110101 1,5
16387546 qkjlua 01110100011111101010101000100110001 2,9
11960671 lthyofsrvjreq 01010000000000000100001000011000110 3,3
29801518  wcnnstxxsh 11101010010011010001011110010100101 8,5
80540028 jveb 01000001010000001000000000001000001 6,7
76893958 qgvilj 00101001000100101101010000100010001 2,9
22613953 xwuepgafwhsut 00000010000000001000000100000000110 0,0
72409833 gsh btoihxlhztgmfp 01010001001010000000011000011100010 3,0
55135272 cftpzou zohxgxgudppviqawa 11011111000101100101110111000111111 1,8
70827872 esicszoglx ubcguutvqqscyi 01001111101111101111111111111110111 7,1
79224282 cpvbk 00110111111010011111010110111001110 1,0
43875883 qiwcqviptpcouxndc 00001111110111111100001110110011110 2,8
70768476 pzrksxu 11100100000001111110101110011100111 1,2
11010874 rpjo hglxpknqr 00110001000000100100100000001100000 1,9
9579635 qtucrufanoz 00111010110011100010110111101110100 3,9
21918554 omoomspvftfynikphpwfhqse 00000000000100000000101000000000000 4,9
38816378 m 00101101101110010100000111101101011 7,3
83275233 gwuvtwjpyttjznpeddxzr 10101010000110011111001010110110111 8,4
55743892 mshibkbxxkqq 10011101110011111110010111101110101 1,3
89747104  l 10001011000101101110010101110110001 4,5
94252239 axjkkfpkhrldqyqzjlkhuv 10001000000101100000000100100100000 7,2
17880840 oj 11111001000111110110000111111111111 7,9
48006873 tshvfuvzlmarfkqkzdsyjmgd 00101110111111010011111101011101011 9,7
36893082 cliopdoeacjbbuco 01101101111001011010010100110011011 8,8
16729177 mxsuqhhlyozccqlbjh 00000000011100000001000001011100010 1,5
32620383 gribqrtwtauchu 00010001000111010001000010100100101 2,3
12485969 jzrgodihwfhxdwovwnlqe 01110011111101111011111010011110110 0,5
62904143 e pjwbqlxexm dewohnakur 00001100111101000001111111111011110 8,4
82611231 qteqskvsndnqbbnvdra 11010001101000010000000000010010101 0,4
96025435 lrttkouireakswr 11010101110110111011111110111010100 2,5
88727758 budpyeqy xadcg qdqt ycmpud 11111110110111111101111111001110000 4,9
32661662 iytmeompmo 11111111101011111111001011111011000 8,7
47796165 kxhosdsebrqpszpmutu  01111010111011101001101111111111111 4,9
94420999 rf 00111001111111111110111011111101111 1,2
62717710  wubhwprlxgxidbnafighksnmwy 10011101010010100011111101000001010 8,8
82356242 kf  10011111100111010110011111111101001 6,6
20175490 izqnuloffocqchscmfkhryrsdwhzb 10000010000000101100011000010101000 5,8
27521160 dbnwuwqyxmyriucbsknpo 00000000100000001111111100101001110 0,6
45949418 etbcorkel 11100101111000000011100000110110111 5,8
12246270 b gwugikwfxhxsmxutj 00011001111000000100100000010000010 1,8
7171673 vapwrqscluw 10000000100110100010100101000101000 9,3
80410989 catqobdshdnqoymkzzirxeuph 00101001110000000000100000001001000 9,6
35921517 pnky 00111111100111101111111111100111111 5,1
5689153 vlnei 11110111111111110101111110110111111 3,0
47806785 gxygnupobc k 10100011111111111000101101110101110 8,4
88252430 lesskzylzrouhpvzpljphdkbbc 10110011000000101101001010000010011 8,2
4472546 ofytyvpt scpjrpyum 10110111011000000111010111110111001 3,9
945446 kgmfahgsvuuykkii a 00010111101010111001101111101010000 8,9
69175980 tesichtmsosirshb 00110000101000100000000000000010000 5,1
12319117 bdbduuborgwpiwpbj 00111000001110101000010101101101000 2,1
72525364 vlyhaultgrexouurevr vtppnwya 11100011001000110011100110011101100 0,7
7785442 enmym 11000011010111010010001101111101111 1,0
35672214 iiegbgnr 00110000110001000000010000000000000 4,3
39435942 citcijfzuzxpxwxnsjoea 00100110011100100010010000001010100 4,6
83606364 plaxejygmbgncgkysja 11001111011001110111110100111101111 5,4
88102795 sukvf 01111011111111000100111111010011100 2,4
225626 eewsmtw llkwnyzmi 01011111111000000100111010010010011 0,2
64660103 uvgzdnyqandlzghjt 00111110101010110101111001011011001 9,5
32056052 suigodedd 11101111111011010001101111111111111 7,5
65288891 aw 00011101110000000100000000010001100 9,5
44068683 a uanrgxwflwgerjw 00011110001101110110011101110100101 1,0
67983193 waukczptyvgdwwprxldbodrgsm 00001000010110010010000101000100100 5,1
70190693 czgxdzrdjfzyarx 11110001011111001010001010011010010 1,7
26996548 xrjktikwzjem aeufsmxg 00110100100001010100001000100011001 9,4
24393582 vbisfyhhmsikxuhc ycn 01111111111111011111101111100111011 6,4
37828009 lvijhx znlmapimq 11110110000101100110010001111000010 3,3
82594516 jsgvbchwiszv rfu 10100000000000000100000000101000000 4,5
50893344 vqnjgoxfxwzfwppemxgikdyrb 00010000000101000000100100011010000 7,7
37311692 zvonqmnriscibtjgeswtnqicyxsxj 11010111111111111010110101011001000 8,6
63178588 xwtpkvi 01101111111111111010111111111111111 4,6
34955329 qdopaoyticdzzonvlmoyvb 11100110110111111100111000111011110 0,4
96790031 nhgfh 00010000011000100001000100000000001 3,8
80161194 tsgtjasxemchonlzjwmbcur 00101001100100111011001101011011011 9,6
50888414 dylfqxzfcdwew rsap to 00100100100000001101100010010001100 0,6
43536293 diiasgzjmrhl 10110110010111101011011111011011110 0,9
38868537 lllomhkh 00000001000000001001011000011100000 7,8
31888501 crfhmmfcqhveyoy icppe 10111111001011111100111101111111111 0,3
72741215 aupzqoxyty 01101001100100010111100110001101000 8,1
16150883 xgdyuyzmhayipkdskeyhcmqky 11111111111101100101111110101111110 1,4
58195059 nkhnzainsxrjuakuyhmwjocs 00110000100010010000010000001000000 0,2
79586765 wsvjox bvqimmdbgfdwfscyz 11000000000000000100001001110100100 4,1
56615461 gncogdmdvssoqsm 00100000000001000010001000000001001 6,9
75592000 hdsoxvqvuekgpducr xxly 10010110010010111101010111100010101 4,1
10941550 hv rdbwbyittr htxljrxwxlqlqdq 00001110001000111110000010011100000 8,2
33754868 qqhapuszdquyivolcuja unzmmw 10111110110111101111011111011110011 6,3
11401765 ko  01000000110111111010011001110110100 0,6
41883164 cvk mzoajupqnfrbm rstib 11110111010010011110110000000110000 7,2
30685521 poarncgsceliejvrtgijkyatws 01000000100010010011000101110001000 6,9
41954535 zkyyvcrqf kbcyeoufnfp 11000001100110110111101110110011011 6,8
27099342 gnx 01111110111010110111101111111100110 2,5
35241856 lwrowc 00001010000101101001000000000000001 8,3
